R3 <-> R1
R1 <- 7/4R1
R2 <- R2-5R1
R2 <- 11/6R2
R3 <- 6R3